<?xml version="1.0"?>
<opencv_storage>
<calibration_Time>"Tue 14 Sep 2021 14:08:04 CST"</calibration_Time>
<nrOfFrames>8</nrOfFrames>
<image_Width>1280</image_Width>
<image_Height>720</image_Height>
<board_Width>7</board_Width>
<board_Height>6</board_Height>
<square_Size>28.</square_Size>
<FixAspectRatio>1.</FixAspectRatio>
<!-- flags:  +fix_aspectRatio +fix_principal_point +zero_tangent_dist -->
<flagValue>14</flagValue>
<Camera_Matrix type_id="opencv-matrix">
  <rows>3</rows>
  <cols>3</cols>
  <dt>d</dt>
  <data>
    1.5389441735828800e+02 0. 6.3950000000000000e+02 0.
    1.5389441735828800e+02 3.5950000000000000e+02 0. 0. 1.</data></Camera_Matrix>
<Distortion_Coefficients type_id="opencv-matrix">
  <rows>5</rows>
  <cols>1</cols>
  <dt>d</dt>
  <data>
    1.5598082133401101e-01 -4.5914931197017846e-02 0. 0.
    7.7986630412520625e-03</data></Distortion_Coefficients>
<Avg_Reprojection_Error>1.1181132277698103e+00</Avg_Reprojection_Error>
<Per_View_Reprojection_Errors type_id="opencv-matrix">
  <rows>8</rows>
  <cols>1</cols>
  <dt>f</dt>
  <data>
    1.40431607e+00 7.42823720e-01 1.22258747e+00 8.76473069e-01
    5.53960085e-01 8.89670491e-01 1.66468751e+00 1.15975499e+00</data></Per_View_Reprojection_Errors>
<!-- a set of 6-tuples (rotation vector + translation vector) for each view -->
<Extrinsic_Parameters type_id="opencv-matrix">
  <rows>8</rows>
  <cols>6</cols>
  <dt>d</dt>
  <data>
    3.7359728560980388e-01 -2.1505857965741135e-01
    -3.0308497308897109e+00 5.6522181750185517e+01
    5.0478978954773133e+01 1.3078475427728242e+02
    -9.4392657593313098e-02 -5.5530691073965487e-02
    -3.0987233404896251e+00 7.4635787132395535e+01
    3.0252954598756968e+01 1.6903011085998807e+02 4.1928511057035117e-01
    7.2556819671360573e-02 3.0731920676973101e+00 6.1259073666564873e+01
    4.3439053202789822e+01 1.0930670073890805e+02
    -1.9516466725616741e-01 9.2091220932084727e-01
    2.9829041283064068e+00 4.2098909849776668e+01 8.2037729435053421e+01
    1.3509882029503882e+02 4.3146469809492072e-01 1.5672709841113158e-01
    -3.0444046847630246e+00 1.7459096195118274e+01
    4.9751119750257374e+01 2.0880772189217475e+02 7.1143981798157296e-01
    -2.5187206529997347e-01 2.9860300095889913e+00
    7.6144608289364371e+01 7.7330661723846433e+01 1.5219231746270711e+02
    -2.5247308995431995e-04 -6.1891597209335616e-03
    -3.1269974497960340e+00 3.6914009007629552e+01
    1.0295499526267747e+02 1.0146072691581234e+02
    -5.6804337077247316e-02 3.9375747977802578e-01
    -3.0930534953236122e+00 3.7720782452553330e+01
    5.6569295434727849e+01 1.4261451218447095e+02</data></Extrinsic_Parameters>
<Image_points type_id="opencv-matrix">
  <rows>8</rows>
  <cols>42</cols>
  <dt>"2f"</dt>
  <data>
    7.06953674e+02 4.22610870e+02 6.75587097e+02 4.20411591e+02
    6.41851013e+02 4.18900177e+02 6.04299988e+02 4.18540924e+02
    5.59459351e+02 4.19553711e+02 5.03749542e+02 4.22169281e+02
    4.33278351e+02 4.25719818e+02 7.08620728e+02 3.87643707e+02
    6.77793518e+02 3.84378540e+02 6.45233826e+02 3.81139679e+02
    6.09061462e+02 3.78411469e+02 5.66650818e+02 3.76316223e+02
    5.14799194e+02 3.73837891e+02 4.48376343e+02 3.71430481e+02
    7.10510559e+02 3.54647278e+02 6.79697998e+02 3.50491455e+02
    6.47601501e+02 3.46306000e+02 6.12608948e+02 3.41717621e+02
    5.71885864e+02 3.36827362e+02 5.22437012e+02 3.30727142e+02
    4.60373962e+02 3.23279175e+02 7.10448914e+02 3.23699371e+02
    6.80500305e+02 3.19087860e+02 6.49428833e+02 3.13607819e+02
    6.15317810e+02 3.07354462e+02 5.75703308e+02 2.99805695e+02
    5.27683899e+02 2.89711578e+02 4.68639496e+02 2.78122772e+02
    7.10512024e+02 2.94426697e+02 6.81536804e+02 2.88762360e+02
    6.50542419e+02 2.82320282e+02 6.17325073e+02 2.74053162e+02
    5.78486267e+02 2.63442963e+02 5.32246460e+02 2.51132675e+02
    4.75461517e+02 2.35405472e+02 7.11174927e+02 2.65673309e+02
    6.82483887e+02 2.59153137e+02 6.52392090e+02 2.51145584e+02
    6.19291138e+02 2.41058929e+02 5.81092224e+02 2.28451599e+02
    5.35715332e+02 2.12700531e+02 4.81746643e+02 1.94806519e+02
    7.08344910e+02 3.88278381e+02 6.81428467e+02 3.85767975e+02
    6.55720398e+02 3.83738678e+02 6.31406250e+02 3.82432739e+02
    6.07130554e+02 3.81519043e+02 5.82220947e+02 3.80652618e+02
    5.56413757e+02 3.80484619e+02 7.10157715e+02 3.62209076e+02
    6.82751709e+02 3.60519867e+02 6.57118774e+02 3.59449768e+02
    6.32452515e+02 3.58127838e+02 6.08491150e+02 3.57358459e+02
    5.83657288e+02 3.56497009e+02 5.57975159e+02 3.55505615e+02
    7.12435364e+02 3.35519196e+02 6.84537781e+02 3.34729614e+02
    6.58435425e+02 3.34403687e+02 6.33575928e+02 3.33526031e+02
    6.09485718e+02 3.32699188e+02 5.84649170e+02 3.32221069e+02
    5.59240417e+02 3.31241058e+02 7.13741028e+02 3.09237183e+02
    6.85680054e+02 3.09394897e+02 6.59553467e+02 3.09409058e+02
    6.34471924e+02 3.09120361e+02 6.10270752e+02 3.08505859e+02
    5.85297058e+02 3.07444824e+02 5.59487732e+02 3.06380707e+02
    7.15461426e+02 2.82492523e+02 6.87361389e+02 2.83485046e+02
    6.60736206e+02 2.84055756e+02 6.35530273e+02 2.83654846e+02
    6.10488037e+02 2.83249329e+02 5.85515808e+02 2.82474854e+02
    5.59526062e+02 2.80922882e+02 7.17280212e+02 2.55277664e+02
    6.88734070e+02 2.56763947e+02 6.62221741e+02 2.57655487e+02
    6.36559082e+02 2.57966736e+02 6.11301575e+02 2.57429657e+02
    5.85539490e+02 2.56362396e+02 5.59633789e+02 2.55230667e+02
    7.28673828e+02 4.24510498e+02 6.84645935e+02 4.19512909e+02
    6.48045593e+02 4.16344879e+02 6.15732971e+02 4.14509369e+02
    5.86404358e+02 4.13801422e+02 5.58302795e+02 4.13671112e+02
    5.31448303e+02 4.14004364e+02 7.27033081e+02 3.82737885e+02
    6.83281433e+02 3.81512024e+02 6.46614990e+02 3.81263855e+02
    6.15462952e+02 3.81384338e+02 5.86539001e+02 3.81785492e+02
    5.59480408e+02 3.82824890e+02 5.32446960e+02 3.84186249e+02
    7.26120117e+02 3.41478729e+02 6.81952332e+02 3.44404541e+02
    6.45647156e+02 3.46744232e+02 6.14525452e+02 3.49104889e+02
    5.86502625e+02 3.51321442e+02 5.59329773e+02 3.53282257e+02
    5.32895935e+02 3.55274109e+02 7.25160217e+02 3.00747040e+02
    6.81405518e+02 3.07655304e+02 6.45451599e+02 3.13124542e+02
    6.13798462e+02 3.17402191e+02 5.85569641e+02 3.20805878e+02
    5.57827881e+02 3.23690948e+02 5.31718445e+02 3.26509033e+02
    7.24617676e+02 2.60017059e+02 6.80740723e+02 2.70670197e+02
    6.44500549e+02 2.78986450e+02 6.12682556e+02 2.85178284e+02
    5.83604248e+02 2.89792633e+02 5.56601624e+02 2.94322815e+02
    5.30360840e+02 2.97735565e+02 7.24560425e+02 2.18006378e+02
    6.80454041e+02 2.32434616e+02 6.43459290e+02 2.43413788e+02
    6.11457947e+02 2.51678726e+02 5.82148071e+02 2.58358490e+02
    5.54487976e+02 2.63686676e+02 5.28712891e+02 2.68661469e+02
    6.89393982e+02 4.60353912e+02 6.56456299e+02 4.60420502e+02
    6.22017334e+02 4.61616211e+02 5.85010986e+02 4.64613892e+02
    5.44007019e+02 4.68986145e+02 4.97427338e+02 4.74577118e+02
    4.44583588e+02 4.81301331e+02 6.82816772e+02 4.22425537e+02
    6.53756714e+02 4.21604126e+02 6.23354126e+02 4.22428619e+02
    5.90860168e+02 4.23577576e+02 5.55610168e+02 4.26238892e+02
    5.16330750e+02 4.29415436e+02 4.71211578e+02 4.32780396e+02
    6.77676331e+02 3.92581116e+02 6.51312073e+02 3.92193390e+02
    6.24254761e+02 3.91949677e+02 5.95465454e+02 3.92546082e+02
    5.64426514e+02 3.93934082e+02 5.29623779e+02 3.95443756e+02
    4.91029633e+02 3.96675293e+02 6.72765686e+02 3.69663666e+02
    6.48776672e+02 3.69532501e+02 6.24472473e+02 3.68625763e+02
    5.98513306e+02 3.68757050e+02 5.70628906e+02 3.69030701e+02
    5.39671753e+02 3.68658356e+02 5.05562622e+02 3.68677368e+02
    6.68796265e+02 3.51412872e+02 6.46777527e+02 3.50591400e+02
    6.24486389e+02 3.50547150e+02 6.00844055e+02 3.49498474e+02
    5.75395752e+02 3.48436096e+02 5.47612549e+02 3.47564941e+02
    5.16709045e+02 3.46494934e+02 6.65558411e+02 3.35613892e+02
    6.45306824e+02 3.35248138e+02 6.24521179e+02 3.34423309e+02
