<?xml version="1.0"?>
<opencv_storage>
<calibration_Time>"Tue 14 Sep 2021 09:40:28 CST"</calibration_Time>
<nrOfFrames>25</nrOfFrames>
<image_Width>1280</image_Width>
<image_Height>720</image_Height>
<board_Width>7</board_Width>
<board_Height>6</board_Height>
<square_Size>28.</square_Size>
<FixAspectRatio>1.</FixAspectRatio>
<!-- flags:  +fix_aspectRatio +fix_principal_point +zero_tangent_dist -->
<flagValue>14</flagValue>
<Camera_Matrix type_id="opencv-matrix">
  <rows>3</rows>
  <cols>3</cols>
  <dt>d</dt>
  <data>
    3.3165817803058263e+02 0. 6.3950000000000000e+02 0.
    3.3165817803058263e+02 3.5950000000000000e+02 0. 0. 1.</data></Camera_Matrix>
<Distortion_Coefficients type_id="opencv-matrix">
  <rows>5</rows>
  <cols>1</cols>
  <dt>d</dt>
  <data>
    -1.8219469373190095e-01 3.2895811760850976e-02 0. 0.
    -2.5253015273776548e-03</data></Distortion_Coefficients>
<Avg_Reprojection_Error>1.1160631967360861e+00</Avg_Reprojection_Error>
<Per_View_Reprojection_Errors type_id="opencv-matrix">
  <rows>25</rows>
  <cols>1</cols>
  <dt>f</dt>
  <data>
    8.37045729e-01 1.15157700e+00 9.16679859e-01 9.90082443e-01
    7.52791524e-01 7.60229111e-01 1.96730435e+00 1.55178499e+00
    8.08572471e-01 1.40290058e+00 1.42130244e+00 1.04755306e+00
    1.88656187e+00 1.56658816e+00 9.22002971e-01 9.70411122e-01
    9.38889682e-01 8.74266148e-01 6.23822808e-01 8.48971248e-01
    4.96336490e-01 8.48053694e-01 9.04191136e-01 9.88410473e-01
    8.99614930e-01</data></Per_View_Reprojection_Errors>
<!-- a set of 6-tuples (rotation vector + translation vector) for each view -->
<Extrinsic_Parameters type_id="opencv-matrix">
  <rows>25</rows>
  <cols>6</cols>
  <dt>d</dt>
  <data>
    -7.3759555188979697e-01 7.3826474475750903e-01
    2.9464271479728912e+00 -1.6665604102352955e+01
    8.4439355217563730e+01 2.2873559493497530e+02 1.0878237727537446e-01
    -5.3401399225618462e-01 -2.9555554183996611e+00
    1.0841058614747851e+02 1.1488793057717612e+02 2.0167146905387517e+02
    -5.7214238935926487e-01 5.6447071559607842e-01
    2.6656557311972322e+00 -5.7488737817891554e+01
    6.0292829985212117e+00 2.6545263596731672e+02
    -1.0036499689132462e-01 -4.5467685992918372e-01
    -2.9896449053863372e+00 1.4563810433881835e+02
    3.4001208664226077e+01 2.3138509604111559e+02 4.1343622207107456e-01
    -3.4793336848622008e-01 -3.1022221731642969e+00
    -3.4468453388624241e+01 -2.0161425139099133e+01
    2.7101365561745877e+02 2.4386182292697206e-01
    -4.5413507079175358e-01 -3.0531467008774817e+00
    3.0986266754234698e+01 1.5131919324610558e+02 2.2594292522298639e+02
    5.4623353924354723e-01 5.1718072007224190e-02 2.8412332236395557e+00
    1.3019826355657014e+02 2.7924627117076788e+01 1.0469561961387392e+02
    8.4287606365649959e-01 -8.7684886276158014e-01
    -2.8682632271671546e+00 3.6570561185296825e+01
    9.2376998735321919e+01 1.5209733429253166e+02 1.3369410813831242e-01
    -5.9312449540706158e-01 -3.0578183960958838e+00
    7.3795322373948053e+01 8.0611607145211579e+01 2.4795337353189458e+02
    -2.8932029229387013e-01 1.0445482101884265e+00
    2.9448423199346836e+00 1.2288983850439801e+02 1.1447404156307074e+02
    1.7075356505568530e+02 -2.9514469453892611e-01
    -1.1067643401002598e+00 -2.8316085305141163e+00
    2.1986363030212084e+02 1.2590647522828824e+02 1.3903532405699394e+02
    -8.8906062287584231e-01 3.8735433598511271e-01
    2.9045012341158474e+00 -6.1651479985439700e+01
    3.8723964576333458e+01 2.2666827339583219e+02
    -6.3280869092088954e-01 -3.0035112107337593e-02
    -2.8658629171701291e+00 1.7761125635985701e+02
    -2.2169883946118535e-01 1.3506529435923289e+02
    -9.8321291156380741e-01 2.3560409174977170e-01
    2.7540641344691092e+00 -1.3921678598223195e+02
    -3.6223261542989825e+01 2.3718284922291838e+02
    -2.8839427995140188e-01 8.8931695990309367e-01
    2.5126851548705793e+00 -1.5219221265429290e+01
    1.1458398838477287e+02 2.2749365430612599e+02
    -1.1087685130290169e-01 -5.0543032297923041e-01
    -2.8537241239271447e+00 1.4253304328620686e+02
    1.4754836075212970e+02 1.9077405880547866e+02
    -3.0661081505714438e-01 1.6437165319060854e-01
    2.9818480645860066e+00 -4.9198856456444480e+00
    -6.1077097830601510e+01 2.3971802790153413e+02
    -6.0685157747379004e-01 2.2634376310600213e-01
    2.9029044605395486e+00 -2.1207708081151537e+01
    3.4680233982456095e+01 2.3207272927180892e+02 9.3059672738720733e-01
    1.1881982267476852e-01 2.8370344294153336e+00 1.0844845628858366e+02
    2.2357723809091301e+01 1.9297176021205576e+02
    -2.7259846002786886e-01 1.9297108206661301e-01
    3.0144259566261091e+00 -4.1425116980080086e+00
    2.1206890903635500e+01 2.2692237464103462e+02
    -2.4682716631625690e-01 5.1984965514606030e-01
    3.0805757455635754e+00 -1.7415762027767649e+00
    6.2886811964219035e+01 3.3841011209134803e+02 1.2847737388443461e+00
    -1.1270126669984788e+00 -2.5981272133475173e+00
    -9.7691430615178390e+01 1.4330772248091344e+02
    2.8907717162790681e+02 3.5814597602117781e-01 9.9140104070048674e-01
    2.5435523939278930e+00 6.0043048267229914e+01 6.3002816292214298e+01
    2.6961640694585498e+02 4.0492956058401663e-01 3.4305108674191348e-01
    -3.0350080631854901e+00 -5.6712600632009831e+01
    7.6493927562540733e+01 3.0656507461326322e+02
    -4.2919893567477863e-01 9.5585800502558527e-01
    2.9415477889081756e+00 -4.0701241046584443e+01
    4.7422761801438035e+01 2.7102735249557344e+02</data></Extrinsic_Parameters>
